((("ruby" .
   [1 0 0 0])
  ("rails" .
   [1 0 0 0 0])
  ("=" .
   [1])
  ("repo" .
   [2 0 0 0])
  ("echo" .
   [14 0 0 0])
  ("-exec" .
   [1 0 0 0 0])
  ("-name" .
   [2 0 0 0 0])
  ("find" .
   [2 0 0 0])
  ("fi" .
   [1 0])
  ("SEARCH" .
   [1 0 2 0 0 0])
  ("then" .
   [4 0 0 0])
  ("clean" .
   [1 0 0 0 0])
  ("my_putstr" .
   [1 0 0 0 0 0 0 0 0])
  ("signal" .
   [1 0 0 0 0 0])
  ("types" .
   [2 0 0 0 0])
  ("sys" .
   [1 0 0])
  ("client" .
   [2 0 0 0 0 0])
  ("g_last_signal" .
   [0 0 0 0 1 2 0 0 0 1 0 0 0])
  ("g_pid_client" .
   [0 0 0 0 0 1 0 0 0 0 0 0])
  ("get_g_pid_client" .
   [0 0 0 0 2 0 0 0 0 0 0 0 0 0 0 0])
  ("send_char_to_server" .
   [0 0 0 0 0 0 0 0 0 1 0 0 0 0 0 0 0 0 0])
  ("last" .
   [1 0 0 0])
  ("300" .
   [2 0 0])
  ("convert-window-to-term" .
   [0 0 0 0 0 0 0 0 0 0 0 0 0 0 0 0 0 0 0 0 0 1])
  ("ansi-term" .
   [0 0 0 0 1 0 0 0 0])
  ("split-window-horizontally" .
   [0 0 0 0 0 0 0 0 0 0 0 0 0 0 0 1 0 0 0 0 0 0 0 0 0])
  ("f12" .
   [1 0 0])
  ("global-set-key" .
   [0 0 0 0 0 0 0 0 0 1 0 0 0 0])
  ("pwet" .
   [9 0 0 0])
  ("main" .
   [2 0 0 1])
  ("exit" .
   [3 0 0 0])
  ("send_signal_to_server" .
   [1 0 0 0 0 0 0 1 0 0 0 0 0 0 0 0 0 0 0 0 0])
  ("200" .
   [1 0 0])
  ("usleep" .
   [5 0 0 0 0 0])
  ("pid_server" .
   [4 0 0 0 0 0 0 0 0 0])
  ("send_pid_to_server" .
   [0 0 0 0 1 0 0 0 0 0 0 0 0 0 0 0 0 0])
  ("tmp" .
   [3 0 0])
  ("g_send_char_success" .
   [0 0 1 0 0 1 0 0 0 0 0 2 0 0 0 0 0 0 0])
  ("save" .
   [2 0 0 0])
  ("1" .
   [1])
  ("pid_client" .
   [15 0 0 0 0 0 0 0 0 0])
  ("return" .
   [6 0 0 0 0 0])
  ("3" .
   [6])
  ("31" .
   [8 0])
  ("pid_is_set" .
   [2 0 0 0 0 0 1 0 0 0])
  ("32" .
   [13 0])
  ("get_char" .
   [1 0 0 0 0 0 0 0])
  ("put_char" .
   [1 0 0 0 0 0 0 0])
  ("sig" .
   [5 0 0])
  ("SIGUSR2" .
   [1 0 0 0 1 0 0])
  ("SIGUSR1" .
   [1 0 0 0 1 0 3])
  ("SIGURS1" .
   [0 0 0 0 0 0 2])
  ("i" .
   [4])
  ("pid" .
   [3 0 0])
  ("kill" .
   [5 0 0 0])
  ("my_getnbr" .
   [1 0 0 0 0 0 0 1 0])
  ("av" .
   [2 0])
  ("c" .
   [7])
  ("send_sig" .
   [0 0 0 0 0 0 0 1])
  ("catch_sig" .
   [2 0 0 0 0 0 0 0 0])
  ("goto" .
   [0 1 0 0])
  ("test_grid" .
   [1 0 0 0 0 0 0 0 0])
  ("printf" .
   [6 0 0 0 0 0])
  ("estValide" .
   [1 0 0 0 0 0 0 0 0])
  ("include" .
   [27 0 0 0 0 1 0])
  ("game" .
   [5 0 0 0])
  ("my_printf" .
   [40 0 0 0 0 1 0 0 3])
  ("show_map" .
   [1 0 0 0 0 0 0 0])
  ("if" .
   [3 0])
  ("else" .
   [22 0 1 0])
  ("buffer" .
   [7 0 0 0 0 0])
  ("line" .
   [4 1 0 0])
  ("nb_pos" .
   [1 0 0 0 0 0])
  ("static" .
   [12 0 0 0 0 1])
  ("const" .
   [1 0 0 0 0])
  ("char" .
   [23 0 1 0])
  ("buff" .
   [11 0 0 0])
  ("int" .
   [46 0 0])
  ("while" .
   [11 0 0 0 0])
  ("chara" .
   [3 0 0 0 0])
  ("test" .
   [6 0 0 0])
  ("20" .
   [1 0])
  ("str" .
   [36 0 0])
  ("void" .
   [3 0 0 0])
  ("bin_to_dec" .
   [0 0 0 0 0 0 1 0 0 0])
  ("base" .
   [3 0 0 0])
  ("pause" .
   [2 0 0 0 0])
  ("400" .
   [1 0 0])
  ("struct" .
   [2 0 0 0 0 0])
  ("s_enum" .
   [1 0 0 0 0 0])
  ("toto" .
   [9 0 0 0])
  ("sizeof" .
   [2 0 0 0 0 0])
  ("hex" .
   [3 0 0])
  ("my" .
   [4 0])
  ("my_putchar" .
   [7 0 0 0 0 0 0 0 0 0])
  ("1000240" .
   [1 0 0 0 0 0 0])
  ("PARAM_ERROR" .
   [1 0 0 0 0 0 0 0 0 0 0])
  ("reset_str" .
   [4 0 0 0 0 0 0 0 0])
  ("server" .
   [2 0 0 0 0 0])
  ("PS1" .
   [1 0 0])
  ("alias" .
   [11 0 0 0 0])
  ("export" .
   [1 0 0 0 0 0])
  ("$handle" .
   [1 0 1 0 1 0 0])
  ("$buffer" .
   [1 0 0 0 0 0 0])
  ("require_once" .
   [0 0 0 0 0 0 0 0 0 0 0 1])
  ("new" .
   [1 0 0])
  ("LolParser" .
   [2 0 0 0 0 0 0 0 0])
  ("_logFile" .
   [1 0 0 0 0 0 0 0])
  ("php" .
   [1 0 0])
  ("$logFile" .
   [0 0 0 0 0 1 0 0])
  ("private" .
   [4 0 0 0 0 0 0])
  ("getEndMatchLine" .
   [0 0 0 0 0 0 1 0 0 0 0 0 0 0 0])
  ("public" .
   [3 0 0 0 0 0])
  ("function" .
   [1 0 0 0 0 0 0 0])
  ("$this" .
   [11 0 0 0 0])
  ("$log" .
   [1 0 0 0])
  ("getLineValue" .
   [0 0 0 0 1 0 0 0 0 0 0 0])
  ("$_handle" .
   [0 0 2 0 0 0 0 0])
  ("$_line" .
   [2 0 1 0 0 0])
  ("t" .
   [2])
  ("true" .
   [2 0 0 0])
  ("feof" .
   [1 0 0 0])
  ("_handle" .
   [0 0 0 1 0 0 0])
  ("false" .
   [1 0 0 0 0])
  ("strstr" .
   [1 0 0 0 0 0])
  ("$str" .
   [4 0 0 0])
  ("_line" .
   [5 0 0 0 0])
  ("break" .
   [1 0 0 0 0])
  ("getNextLine" .
   [0 0 0 0 0 0 0 0 0 1 0])
  ("//lost+found/" .
   [0 0 1 0 0 0 0 0 0 0 0 0 0])
  ("add-to-list" .
   [1 0 0 0 0 0 0 0 0 0 0])
  ("load-path" .
   [1 0 0 0 0 0 0 0 0])
  ("require" .
   [1 0 0 0 0 0 0])
  ("load-file" .
   [1 0 0 0 0 1 0 0 0])
  ("load" .
   [3 0 0 0])
  ("add-hook" .
   [0 0 0 1 0 0 0 0])))
